Best trial: 10
lr: 0.004978468760416219
weight_decay: 2.20963191870881e-05
ACC: 0.8118
