Best trial: 0
lr: 0.0002484991043724589
weight_decay: 0.0006595437620268834
ACC: 0.8118
