Best trial: 11
lr: 1.3370916163195107e-05
weight_decay: 0.009366398229369579
ACC: 0.8235
