Best trial: 8
lr: 0.00012558589262067076
weight_decay: 1.6556859632493856e-05
ACC: 0.8706
