Best trial: 3
lr: 0.0006425387938987677
weight_decay: 2.3848204183849525e-06
ACC: 0.8588
