Best trial: 18
lr: 0.00021419798495683862
weight_decay: 3.8516684515764855e-06
ACC: 0.6353
