Best trial: 11
lr: 0.0014227272340912407
weight_decay: 4.17801668380424e-05
ACC: 0.7059
