Best trial: 21
lr: 2.1341197181293572e-05
weight_decay: 0.002686628699783849
ACC: 0.8941
