Best trial: 6
lr: 3.081656865456716e-05
weight_decay: 0.007300996531120456
ACC: 0.6235
