Best trial: 25
lr: 2.1173836567934956e-05
weight_decay: 0.0002524087674044337
ACC: 0.8941
