Best trial: 20
lr: 0.0001265837446058291
weight_decay: 2.8251149124152593e-06
ACC: 0.6588
