Best trial: 15
lr: 2.958359503866648e-05
weight_decay: 0.0005592286956767595
ACC: 0.8941
