Best trial: 14
lr: 0.0002598474359102654
weight_decay: 0.0006275677121592
ACC: 0.6824
