Best trial: 5
lr: 0.00034198257574644933
weight_decay: 0.0007219618031264839
ACC: 0.8588
