Best trial: 11
lr: 1.0859847197431394e-05
weight_decay: 1.5873869980928913e-05
ACC: 0.8824
