Best trial: 25
lr: 1.7182477826776782e-05
weight_decay: 2.411119066666095e-05
ACC: 0.8941
