Best trial: 25
lr: 0.00020909694588591525
weight_decay: 0.009397111093160592
ACC: 0.8353
