Best trial: 2
lr: 1.4606640328502595e-05
weight_decay: 4.0645749657104656e-06
ACC: 0.6235
