Best trial: 4
lr: 0.002170877893491427
weight_decay: 5.748671748808114e-06
ACC: 0.8824
