Best trial: 7
lr: 0.0013781485395940565
weight_decay: 0.0007469559434827084
ACC: 0.6471
