Best trial: 29
lr: 0.00035993053423492285
weight_decay: 0.0005318926665847241
ACC: 0.6353
