Best trial: 22
lr: 5.3967540570908064e-05
weight_decay: 4.292858281750551e-05
ACC: 0.8353
