Best trial: 6
lr: 4.54024008164413e-05
weight_decay: 0.008613017863179398
ACC: 0.6353
