Best trial: 4
lr: 1.5823326970680526e-05
weight_decay: 0.0027140733779559187
ACC: 0.6353
