Best trial: 28
lr: 0.0001974468080265234
weight_decay: 1.0983216602275786e-06
ACC: 0.8588
