Best trial: 21
lr: 2.934193595521755e-05
weight_decay: 0.008718830371385284
ACC: 0.6353
