Best trial: 29
lr: 0.00015763186298843382
weight_decay: 0.0006756158493059447
ACC: 0.9059
