Best trial: 24
lr: 2.5986188169800052e-05
weight_decay: 0.0010992924503166746
ACC: 0.8824
