Best trial: 5
lr: 1.1054742093468421e-05
weight_decay: 0.0002224049854183147
ACC: 0.6353
