Best trial: 11
lr: 4.6667695394598186e-05
weight_decay: 0.009644077344714582
ACC: 0.6353
