Best trial: 19
lr: 0.0036340635430191087
weight_decay: 0.00905017919703701
ACC: 0.6824
