Best trial: 21
lr: 1.0980039443418846e-05
weight_decay: 0.00014429425029796673
ACC: 0.6471
