Best trial: 16
lr: 1.1538347445910874e-05
weight_decay: 1.3710282713565692e-06
ACC: 0.8824
