Best trial: 1
lr: 0.0001688611206776832
weight_decay: 0.0008133688742059319
ACC: 0.8588
