Best trial: 9
lr: 0.00010123091431656149
weight_decay: 0.0009527404380521988
ACC: 0.6471
