Best trial: 14
lr: 0.0022552397772363643
weight_decay: 1.080245499814257e-06
ACC: 0.6471
