Best trial: 5
lr: 0.008042360613951636
weight_decay: 0.0078388885705498
ACC: 0.6471
