Best trial: 12
lr: 3.503878220488481e-05
weight_decay: 0.0001947381931988221
ACC: 0.6588
