Best trial: 13
lr: 5.0859949624571654e-05
weight_decay: 8.035729988227338e-06
ACC: 0.6588
