Best trial: 6
lr: 4.341658523842905e-05
weight_decay: 7.38534142643312e-06
ACC: 0.8941
