Best trial: 7
lr: 0.00021845653391596494
weight_decay: 1.501766570481442e-05
ACC: 0.6824
