Best trial: 1
lr: 0.008847988628143358
weight_decay: 0.003045482369858072
ACC: 0.8353
