Best trial: 0
lr: 0.0005119049391186966
weight_decay: 0.00018541464288968602
ACC: 0.8706
