Best trial: 8
lr: 0.00014201046266210042
weight_decay: 0.004042983485037232
ACC: 0.8235
