Best trial: 19
lr: 3.266624587086597e-05
weight_decay: 0.0001014899245522327
ACC: 0.9059
