Best trial: 3
lr: 1.4026564619950294e-05
weight_decay: 0.0085390890778589
ACC: 0.8706
