Best trial: 5
lr: 0.007005974438417114
weight_decay: 4.881786473986535e-05
ACC: 0.6588
